"Class","REGION_CENTROID_COL","REGION_CENTROID_ROW","SHORT_LINE_DENSITY_5","VEDGE_MEAN","VEDGE_SD","HEDGE_MEAN","HEDGE_SD","INTENSITY_MEAN","RAWRED_MEAN","RAWBLUE_MEAN","RAWGREEN_MEAN","EXRED_MEAN","EXBLUE_MEAN","EXGREEN_MEAN","VALUE_MEAN","SATURATION_MEAN","HUE_MEAN"
"1","BRICKFACE",0.207173378423598,0.0385770428919457,-0.286498677816793,-0.521609929041776,-0.130048140100154,-0.403805303557041,-0.116308274003603,-0.79907143988854,-0.72127138779854,-0.829697612800794,-0.829495700751149,1.36806523591328,-0.869630632073311,0.0455833073796002,-0.858342222226917,0.538437073651791,0.140168247165397
"2","BRICKFACE",0.854911484661148,0.176176686328185,-0.286498677816793,-0.504019137120832,-0.125364858838967,-0.438540076993629,-0.118704139993706,-0.786622713000088,-0.693134509753701,-0.827161084942354,-0.820500553348962,1.5026335364437,-0.928852502845774,0.00519306264948562,-0.842922666586439,0.50740484141644,0.266499052106926
"3","BRICKFACE",-0.265135657374616,0.279376418905364,-0.286498677816793,-0.521609954372569,-0.129026333835487,-0.369070582222586,-0.114140588101194,-0.800986626651759,-0.715018763239348,-0.839843710537313,-0.829495700751149,1.44496142371075,-0.928852502845774,0.0657784751837283,-0.863482073336099,0.481221524683419,0.240124525074202
"4","BRICKFACE",-1.22324827285099,0.244976508046305,-0.286498677816793,-0.451246590375148,-0.127663924118486,-0.311179327896362,-0.114634971185747,-0.807689780323028,-0.708766121798037,-0.857599387283406,-0.835492470183515,1.56991767805809,-1.01176309740937,0.0758760545418852,-0.858342222226917,0.661596457029413,0.382277552977365
"5","BRICKFACE",-1.15577555345125,-0.202222333121473,-0.286498677816793,-0.380883324534549,-0.122895492385056,-0.357492310516488,-0.115091328814673,-0.802901813414979,-0.73065034714682,-0.829697612800794,-0.832494086816605,1.32000512610933,-0.84594189762224,0.0556808958255713,-0.855772294359395,0.614466143801433,0.105568969877397
"6","BRICKFACE",-1.46615006269008,0.0901769091805355,-0.286498677816793,-0.45124665370213,-0.129707539222773,-0.403805303557041,-0.116308274003603,-0.81535054547444,-0.733776662240102,-0.852526345263765,-0.841489234218791,1.41612534571724,-0.928852502845774,0.0960711587313142,-0.873761763989807,0.608259838116842,0.227385746600865
"7","BRICKFACE",-1.33120462389059,-0.959020372020789,3.47379646852862,-0.292929197113326,-0.111059534440551,-0.033301202926215,-0.0867973094304175,-0.441888746577404,-0.377376403963527,-0.413707347638813,-0.532655733934261,0.954748322742225,-0.16489060226756,-0.721832160395851,-0.439444664448419,0.0603034420686881,-0.181354301431596
"8","BRICKFACE",-1.49313915044997,-0.219422288551003,-0.286498677816793,-0.0642483701944019,-0.0084531763042228,0.0130117588530574,-0.10900658438764,-0.49551402765765,-0.396134266386358,-0.515168393490206,-0.562639540617915,1.32000512610933,-0.543910470743971,-0.459295297015682,-0.542241617244127,-0.239216591677718,-0.00301286490062473
"9","BRICKFACE",-1.53362278208982,-0.253822199410063,-0.286498677816793,-0.187384173281638,-0.113103174512684,-0.25328806314971,-0.10972915563053,-0.502217207183966,-0.393007979429939,-0.522778009025751,-0.577631470945195,1.41612534571724,-0.555754829974556,-0.540075786475911,-0.549951426288936,-0.151644162456245,0.0245375718695727
"10","BRICKFACE",-0.535026534973596,-0.374221887416772,-0.286498677816793,-0.187384204945129,-0.101863324821531,-0.2764445648802,-0.10699102679916,-0.408372926510965,-0.330481649427425,-0.393415138468534,-0.49667511194297,1.05086854061997,-0.230034578035778,-0.71173441745704,-0.418885273889278,-0.0811056647727234,-0.139926331637962
"11","BRICKFACE",-1.43916097493018,0.382576151482544,-0.286498677816793,-0.486428288205604,-0.131069948387999,-0.415383575263139,-0.115661771230235,-0.857484687876835,-0.771292491192161,-0.913402961360235,-0.865476303852623,1.49302152486389,-1.09467369623695,0.298022609577241,-0.909740696311839,0.779907188834352,0.493429944448367
"12","BRICKFACE",-1.37168825553043,-1.16541983717515,-0.286498677816793,0.0940688330864719,-0.0470263793141847,-0.172240380035983,-0.111440485649571,-0.352832458667499,-0.317976360917431,-0.294490684396032,-0.451699374932036,0.608715551185558,0.119374339064501,-0.843002894586195,-0.318658311410234,0.0520821214943122,-0.27623726102536
"13","BRICKFACE",0.96286783570074,0.107376864610065,-0.286498677816793,-0.34570170902917,-0.121533085288989,-0.403805313977467,-0.117677340729586,-0.795241053434577,-0.705639798263696,-0.837307182678873,-0.823498936715872,1.47379745845018,-0.946619057681553,0.0657784751837283,-0.848062531573208,0.514193199952533,0.261391118033957
"14","BRICKFACE",-0.602499254373341,-0.116222555973823,-0.286498677816793,-0.134611740524522,-0.0939443171085871,-0.218553258451841,-0.110527775731075,-0.397839425168303,-0.330481649427425,-0.375659498248414,-0.484681562284055,0.945136311162417,-0.170812781882853,-0.701636856274511,-0.400895850517488,-0.069791792530267,-0.187151639297057
"15","BRICKFACE",-1.65507367700936,-1.35461934689998,-0.286498677816793,0.0764783704658378,-0.0765736207711155,-0.0448793600076185,-0.103796547629139,-0.474446973262233,-0.439902733966041,-0.42892655588117,-0.556642779281184,0.704835770793466,-0.0701355685238701,-0.620856366814282,-0.454864259408726,0.151544889298851,-0.265054986071094
"16","BRICKFACE",-0.0627174991753819,0.227776552616775,-0.286498677816793,-0.416064981202467,-0.121873683499455,-0.334335787945144,-0.114939209536578,-0.79715625312532,-0.708766121798037,-0.839843710537313,-0.823498936715872,1.46418542956873,-0.952541247956779,0.0859735793731573,-0.853202373430666,0.467644675646407,0.266634167708919
"17","BRICKFACE",0.288140641703291,0.0213770874624158,-0.286498677816793,-0.451246685365622,-0.127663926187645,-0.461696609985399,-0.118399903080394,-0.802901813414979,-0.718145067077885,-0.837307182678873,-0.835492470183515,1.43534939482931,-0.899241578119477,0.025388185014543,-0.860912147781508,0.616987639686698,0.20242793903917
"18","BRICKFACE",-1.37168825553043,-0.649421174289251,-0.286498677816793,-0.15220255144356,-0.107312927456271,-0.172240234150008,-0.109615065915258,-0.49455643427604,-0.396134266386358,-0.505022277490701,-0.571634709608464,1.3103931058787,-0.478766388376414,-0.560270908840968,-0.5319619103999,-0.103278922402911,-0.0297996131543872
"19","BRICKFACE",0.1801842906637,-0.116222555973823,-0.286498677816793,-0.416065000200562,-0.128004527156989,-0.450118317438447,-0.117373103713594,-0.791410677322632,-0.715018763239348,-0.817014984922961,-0.826497317384238,1.34884120410285,-0.828175342786461,-0.00490458941118459,-0.845492587515168,0.597980482119975,0.0957590769820965
"20","BRICKFACE",1.40818778373906,0.0213770874624158,-0.286498677816793,-0.328110818951403,-0.129792691557258,-0.357492310516488,-0.11600403832245,-0.806732186941418,-0.727524032053537,-0.842380240678626,-0.832494086816605,1.38728928502535,-0.911085942680029,0.0960711587313142,-0.863482073336099,0.539407015110046,0.19413471396671
"21","BRICKFACE",-1.38518279941038,-0.116222555973823,-0.286498677816793,-0.486428354698936,-0.129026334433244,-0.473274850430217,-0.118133695483474,-0.813435350954706,-0.736902985774444,-0.844916763971319,-0.841489234218791,1.36806523591328,-0.887397208228958,0.0758760545418852,-0.868621910567694,0.669354713035487,0.154400915548984
"22","BRICKFACE",-0.0492229552954329,-1.0794200600275,-0.286498677816793,0.111659928976932,-0.0779360145326053,0.0593247831548908,-0.0899917896272379,-0.267606595994127,-0.23356576898821,-0.200639254080183,-0.376739750281088,0.531819389340542,0.249662450499946,-0.984368842019738,-0.223571167659336,-0.00409099333901472,-0.279411419576581
"23","BRICKFACE",-1.23674281673094,0.451375973200664,-0.286498677816793,-0.4336558111196,-0.125705467395226,-0.392227058944052,-0.117943549004193,-0.818223315277251,-0.811934623982758,-0.806868868923455,-0.829495700751149,0.724059819905539,-0.591287907666312,0.247534758225527,-0.837782824728982,0.682296327396822,-0.413815083546581
"24","BRICKFACE",-0.602499254373341,-0.477421619993952,-0.286498677816793,-0.222565858446698,-0.108334737721311,-0.345914153435084,-0.113836355295079,-0.405500146366135,-0.327355278060414,-0.395951707418693,-0.487679942952421,1.05086854061997,-0.265567709027203,-0.651149050361868,-0.42145524107663,-0.144256419688397,-0.145523400863165
"25","BRICKFACE",-0.386586552294157,-0.666621129718781,-0.286498677816793,-0.134611613870556,-0.102118769341063,-0.206975122211291,-0.0960384664998757,-0.34229893146979,-0.2648289480579,-0.319855917322964,-0.439705825273121,0.993196412315552,-0.123435238361173,-0.832905333403666,-0.344357520697521,-0.107503600298253,-0.165748866227008
"26","BRICKFACE",0.274646097823342,-0.357021931987242,-0.286498677816793,-0.328110926607274,-0.117530988723502,0.00143347672653208,-0.104252885954239,-0.362408418338644,-0.3054711005443,-0.324928941079619,-0.457696109283314,0.820180039513447,-0.0346025441317848,-0.802612558977939,-0.349497339425667,-0.0240512008664894,-0.221265795783409
"27","BRICKFACE",-1.43916097493018,0.262176463475835,-0.286498677816793,-0.328110869612989,-0.118552817381062,-0.369070582222586,-0.116422364951033,-0.810562560467858,-0.72127138779854,-0.855062873122205,-0.835492470183515,1.48340948733162,-0.976229987737817,0.106168738089471,-0.868621910567694,0.530678861633991,0.306712815515005
"28","BRICKFACE",0.1801842906637,0.176176686328185,-0.286498677816793,-0.398474157618032,-0.121277636401233,-0.29960106661069,-0.117335075793649,-0.792368268118738,-0.708766121798037,-0.824624554801041,-0.826497317384238,1.41612534571724,-0.875552822348537,0.00519306264948562,-0.848062531573208,0.593713619469147,0.168485899437369
"29","BRICKFACE",-0.0492229552954329,-0.167822422262413,-0.286498677816793,-0.0642484968483672,-0.0963285050416618,0.0709029193954407,-0.103796537361147,-0.435185567051088,-0.364871115453532,-0.423853463638319,-0.51166704227025,1.00280843254618,-0.277412121557458,-0.580466122084167,-0.449724371292646,-0.117190346257677,-0.157246971876482
"30","BRICKFACE",-0.400081096174106,-1.13101992631609,-0.286498677816793,-0.0290669700007639,-0.0530720490490125,-0.10277085400366,-0.101857036844716,-0.279097690718399,-0.23356576898821,-0.218394825814106,-0.391731653622915,0.647163640758885,0.196362780662643,-1.01466161644547,-0.241560521643191,0.0108243309221143,-0.255623121877144
"31","SKY",0.207173378423598,-1.68141850006105,-0.286498677816793,-0.292929592906968,-0.0977760101912883,-0.311179390418923,-0.118285823848743,2.35045634654202,2.38628898032149,2.2445718482091,2.41775370419533,-1.58282520846132,1.18536773581055,-0.358319503434112,2.25383529063531,-1.1029029646476,-0.650346904521028
"32","SKY",0.234162466183496,-1.54381885662481,-0.286498677816793,-0.451247058994819,-0.117158532138737,-0.438539816482959,-0.115913043375303,1.90038694008445,1.79541483681695,1.93257909511938,1.94400926175361,-2.51519119678459,1.78350835665213,-0.398709839042368,1.93773462320338,-0.771790815904813,-0.684633562653968
"33","SKY",-0.791422868692626,-1.40621921318857,-0.286498677816793,-0.416064734227235,-0.123960957067352,-0.461695963918937,-0.116137599642108,1.87740477649095,1.74852011041771,1.9376520960473,1.91102707440159,-2.71704395900971,1.96117411820859,-0.489587980563268,1.94287441880221,-0.709023242850494,-0.682534300980107
"34","SKY",0.544536975422322,-0.408621798275832,-0.286498677816793,-0.328110325000939,-0.120596432853199,-0.380648645520148,-0.114634977859942,1.45606330075691,1.29520385915446,1.68907253941857,1.32034532714092,-2.66898346856971,2.82581324813569,-2.01432117317536,1.69102189023506,-0.408266830665666,-0.556211473438145
"35","SKY",1.39469323985911,-1.76741827720869,-0.286498677816793,-0.275338639502218,-0.120215218899754,-0.369070571802159,-0.111773290786946,2.27289120506648,2.2799940983287,2.20398738421108,2.32480379553419,-1.78467771116186,1.38079992961356,-0.479490419380739,2.2127164632584,-1.03081489200943,-0.646149278951393
"36","SKY",-0.00873932365558597,-1.61261867834293,-0.286498677816793,-0.292928785487939,-0.115146874360508,-0.322758005999106,-0.110185414173331,2.36194736370115,2.42693099212357,2.25725435052891,2.39976344717059,-1.32330063628193,1.20313422135676,-0.661246702422538,2.26668477963239,-1.13319988888221,-0.596849719150841
"37","SKY",0.423086080502781,-1.56101881205434,-0.286498677816793,-0.363293846648495,-0.127749048151481,0.00143316411372742,-0.108816472511493,2.5649575742832,2.72393162940701,2.33588677806099,2.65762483230089,-0.62162309889043,0.498394154241242,-0.196758342757371,2.34635253658679,-1.36440570965318,-0.603023226034474
"38","SKY",-1.39867734329033,-0.563421397141601,-0.286498677816793,-0.39847376499074,-0.130473900806973,-0.380648645520148,-0.113722263218169,1.97507932727021,2.05177275887671,1.93004259465542,1.93501403879215,-0.900371867245813,1.3038113281164,-1.27719857070378,1.93516472540396,-1.07125960331113,-0.485709152699777
"39","SKY",-1.57410641372967,-1.44061912404763,3.47379646852862,-0.169792855746738,-0.105524795127958,-0.160662014546043,-0.112315176889315,1.97220657298042,1.95798344676255,2.00867479390018,1.9230206240605,-1.73661748024644,1.87234131737987,-1.36807671222468,2.01483225106524,-0.880982338471163,-0.550056114497258
"40","SKY",-0.0357284114154839,-1.92221787607446,-0.286498677816793,-0.292929197113326,-0.124342946725345,0.0593250957676954,-0.0676303840971283,2.74977307107885,2.92401568282964,2.43988421023268,2.92148238508795,-0.631235110470238,0.0838412613727453,0.520169164612597,2.45171927153536,-1.45362425049707,-0.757500502617714
"41","SKY",-1.0883028340515,-0.75262090686643,-0.286498677816793,-0.468837613439578,-0.12358082758289,-0.380648645520148,-0.115357712363908,1.82665222384544,1.71413039115983,1.88438512972947,1.8480609724241,-2.52480346788897,1.90195210885699,-0.590563683266696,1.88890610242822,-0.72647128000695,-0.665361216982776
"42","SKY",-1.58760095760962,-1.80181818806775,-0.286498677816793,-0.204974794219728,-0.114721112803036,-0.345913882503987,-0.115661719479554,2.6252856729191,2.82397365611832,2.36378851145188,2.71759217581366,-0.304426457232197,0.320728712482796,-0.227051117183098,2.37462164367349,-1.43787986162641,-0.560607379710847
"43","SKY",0.854911484661148,-1.38901925775904,-0.286498677816793,-0.363292250808533,-0.118981202171757,-0.195396527471961,-0.106514694639588,1.85729536718724,1.76415151706294,1.87677540005026,1.90503009718124,-2.37101119610386,1.65914263803066,-0.338124381069055,1.88119617773685,-0.797490569533497,-0.686152859684061
"44","SKY",0.369107904982985,-1.80181818806775,-0.286498677816793,-0.363292630770429,-0.121025254926066,-0.426961471833872,-0.116708179238045,1.93964847557083,1.80791998464262,1.97316333083007,2.00697517483292,-2.79394005164817,1.82496377385819,-0.176563220392313,1.97885321928717,-0.741474360876207,-0.714748502527763
"45","SKY",-0.0627174991753819,-0.83862068401408,-0.286498677816793,-0.504018738160842,-0.129452079667355,-0.438539816482959,-0.118704137693675,1.67439469518415,1.57969892655927,1.80828920266135,1.59019985714834,-2.2364425149374,2.31058319520788,-1.59022333087473,1.81180824327324,-0.644189892437327,-0.564417614036232
"46","SKY",0.247657010063445,-1.69861845549058,-0.286498677816793,-0.204975205845116,-0.11063385564942,-0.357492485579658,-0.107789560340531,2.34088041272593,2.38316252454389,2.22935261713801,2.40875877807386,-1.51554121391085,1.13799019228887,-0.348221942251583,2.23841567254569,-1.11656888994098,-0.646948301448225
"47","SKY",0.760449677501505,-1.64701858920199,-0.286498677816793,-0.380883600006924,-0.120851859899837,-0.438540076993629,-0.116878726173757,2.61092216002066,2.80208936605475,2.34095977898891,2.72059052949658,-0.362098526711044,0.249662450499946,-0.0452948341412993,2.35149233218562,-1.43827168278492,-0.592619837697104
"48","SKY",-0.238146569614719,-1.75021832177916,-0.286498677816793,-0.398475785121486,-0.11962337863076,-0.29960106661069,-0.115310870810152,2.31885579080395,2.33001525236868,2.23442561806593,2.38477151684331,-1.78467771116186,1.30973356103137,-0.358319503434112,2.24355546814452,-1.05223617008275,-0.660491796896542
"49","SKY",1.36770415209921,-0.683821085148311,-0.286498677816793,-0.328110723960929,-0.119574620748907,-0.322758276930204,-0.114292716723162,1.38424366786094,1.17015125542316,1.66370719234797,1.24538567550452,-3.10152442220202,3.09231159732221,-2.01432117317536,1.66532256530121,-0.269069454278726,-0.576280853668979
"50","SKY",-0.427070183934004,-1.61261867834293,-0.286498677816793,-0.222565351830837,-0.103225562246597,-0.253287688014345,-0.10334010046332,2.36290503464791,2.42067841821073,2.25471762177762,2.41175696984405,-1.39058489035697,1.17944560949493,-0.550173438536581,2.26411465053986,-1.12938082686835,-0.613928344068089
"51","SKY",-0.87239013197232,-1.21701970346374,-0.286498677816793,-0.380883220045028,-0.117786350476692,-0.380648895610392,-0.111896811653081,1.92719965818971,1.91421486663541,1.94526182572651,1.89903336282996,-1.68855759536378,1.70652018155234,-1.13583262327023,1.95058434349358,-0.901103631060775,-0.570273435731317
"52","SKY",0.733460589741608,-0.374221887416772,-0.286498677816793,-0.46883640389421,-0.122639998665532,-0.41538392122131,-0.116118093947987,2.52952633475811,2.63014161387125,2.35617901006,2.61264871749361,-1.13106031817758,0.859647590471115,-0.277539013973883,2.36691195027524,-1.2410125989765,-0.633791107085055
"53","SKY",-0.170673850214974,-1.5954187229134,-0.286498677816793,-0.433655288671994,-0.12523846405936,-0.28802270112075,-0.112108959667354,1.96933381869064,1.90796229272258,1.96555382943819,2.0129719091842,-2.16915843387875,1.58807642934747,-0.429002522589954,1.97114352588892,-0.870292439906047,-0.670069678283533
"54","SKY",-0.292124745134514,-1.01062023830938,-0.286498677816793,-0.398474157618032,-0.115420513680843,-0.264866824615869,-0.11006713398775,1.85346494195071,1.78290957644382,1.87677540005026,1.87504642542485,-2.15954642229894,1.68283124989249,-0.600661244449224,1.88119617773685,-0.820088445979855,-0.650918083764952
"55","SKY",0.665987870341863,-1.2514196143228,-0.286498677816793,-0.292928785487939,-0.114020155458189,-0.345913882503987,-0.109721685358142,1.81899137337238,1.73601465308653,1.86662939819442,1.82407373817901,-2.2460546130254,1.82496377385819,-0.752124753065296,1.87091658653918,-0.773724804392507,-0.639280955955948
"56","SKY",-0.602499254373341,-1.4234191686181,-0.286498677816793,-0.416065126854527,-0.118296025609411,-0.392226990169235,-0.111573791912302,1.90325982364947,1.77978312066622,1.94018859651126,1.95900100318272,-2.68820757823752,1.81904164754256,-0.277539013973883,1.94544431660163,-0.744188877311079,-0.701738672024762
"57","SKY",-0.777928324812677,-0.890220550302669,-0.286498677816793,-0.0818392761039145,-0.11105951604803,-0.230131811509464,-0.116422379326222,2.29778858127825,2.32376267845584,2.21159688560296,2.35178924853493,-1.63088526636036,1.28012282285391,-0.469392767320069,2.22042615665665,-1.07136979393938,-0.640860083482794
"58","SKY",-0.440564727813953,-1.14821988174562,-0.286498677816793,-0.468838018732267,-0.130814501339495,-0.369070571802159,-0.113684221641795,2.298746252225,2.33314139864077,2.20652388467504,2.35178924853493,-1.55398926023009,1.23866740564786,-0.479490419380739,2.21528636105782,-1.08725681918976,-0.632539412051694
"59","SKY",-0.777928324812677,-1.56101881205434,-0.286498677816793,-0.310520166349821,-0.107060269403578,-0.172240109104886,-0.10604222940589,2.30449176080456,2.31125738994584,2.24203534774514,2.34879105676474,-1.81351365939309,1.45186608499707,-0.570368560901638,2.25126539283589,-1.02319005244068,-0.637004767872074
"60","SKY",0.004755220224363,-1.32021943604092,3.47379646852862,-0.416065525814518,-0.117434254641913,-0.0911922384234764,-0.111475910222766,2.26140018790735,2.24560466043946,2.21413338606692,2.30981189219236,-1.98653004084601,1.52293224038058,-0.509783102928325,2.22299605445607,-0.981406821926579,-0.652358055688417
"61","FOLIAGE",-0.319113832894412,-0.0302227788261739,3.47379646852862,-0.398474157618032,-0.112108282850777,-0.230131540578367,-0.11038279250222,-0.870891008146897,-0.896345210284605,-0.867745496434291,-0.841489234218791,0.474147259305961,-0.691965083715526,0.68173030711371,-0.899460996406406,1.84877563770767,-0.75590829318161
"62","FOLIAGE",-1.39867734329033,-0.013022823396644,-0.286498677816793,-0.468837480452915,-0.122214680827613,-0.450118327858874,-0.11535770928351,-0.944625773510492,-0.927608394981667,-0.976816107598018,-0.913450444469557,0.925912270701163,-0.999918727518855,0.732218163918113,-1.00996770736244,0.582076521383821,-0.708068199914398
"63","FOLIAGE",-1.07480829017155,-0.580621352571131,-0.286498677816793,-0.363292535779955,-0.123661845715613,-0.380648826835575,-0.114634973239346,-0.899618838035744,-0.924482076793329,-0.857599387283406,-0.916448828106322,0.502983354601119,-0.443233257384989,0.227339590421399,-0.889181296500973,2.47601588433082,-0.502439824481567
"64","FOLIAGE",-1.43916097493018,-0.615021263430191,-0.286498677816793,-0.117020929605483,-0.086373946516962,-0.149083815782933,-0.101565038762063,-0.883339735035348,-0.893218895191322,-0.875355077726737,-0.874471459350445,0.627939617599269,-0.668276349264454,0.479778874443412,-0.907170770757248,1.93346212818756,-0.570150696641514
"65","FOLIAGE",-0.980346483011912,-0.357021931987242,-0.286498677816793,-0.380883324534549,-0.119830077913297,-0.369070571802159,-0.113684230882988,-0.884297333587967,-0.908850484726167,-0.860135915141845,-0.880468226084267,0.493371325719673,-0.555754829974556,0.429291023091698,-0.891751222055564,2.09606430193289,-0.590816329775682
"66","FOLIAGE",-0.953357395252014,-0.546221441712071,-0.286498677816793,-0.152202614770543,-0.0960730628211945,-0.369070571802159,-0.116878717035243,-0.87472138942985,-0.911976802633136,-0.822088031508347,-0.89246175955191,0.368415045419884,-0.348478330240638,0.207144468056342,-0.853202373430666,2.29434277002039,-0.54272331959615
"67","FOLIAGE",-0.602499254373341,-0.615021263430191,-0.286498677816793,7.11281027399223,13.0420642672821,8.7777491122828,14.1153146933034,0.784789487031847,0.726214005713493,0.798751973362661,0.816617051030092,-1.17912037607662,0.741203891565925,-0.0250997117762419,0.788978742208119,-0.514438250252451,-0.693680985445951
"68","FOLIAGE",0.207173378423598,0.0213770874624158,-0.286498677816793,-0.292929197113326,-0.121277631573196,-0.311179286214654,-0.108702357126241,-0.893873277746085,-0.921355758604992,-0.865208973141598,-0.89246175955191,0.474147259305961,-0.532066058213717,0.409095891638826,-0.896891075477677,2.42170941193655,-0.594498823104784
"69","FOLIAGE",-0.75093923705278,0.279376418905364,-0.286498677816793,0.287567974840336,-0.090727327347266,-0.102770749799392,-0.102366641406311,-0.491683654131211,-0.477418571359159,-0.489803160563274,-0.502671873279701,0.531819389340542,-0.389933587547686,0.106168738089471,-0.48570328742416,-0.161078019824127,-0.232419405965919
"70","FOLIAGE",-1.56061186984972,-0.7354209514369,-0.286498677816793,0.322749786659361,0.184668345339875,2.93073112278076,0.614772658010346,-0.348044491759449,-0.439902733966041,-0.281808045103833,-0.334762366953066,-0.563951115919773,0.178596135217426,0.28792502113127,-0.305808683637279,0.400396588890796,-0.699700138625741
"71","FOLIAGE",-1.60109550148956,-0.71822099600737,-0.286498677816793,0.692157164257577,0.0694597127135263,0.649815775270492,0.17321110320842,-0.636280384029534,-0.711892442518693,-0.573508474879617,-0.631602376946679,-0.179470220186503,-0.0819800343537948,0.32831532038827,-0.601349844863511,0.901432275840158,-0.672155986302148
"72","FOLIAGE",-0.683466517653035,0.107376864610065,-0.286498677816793,-0.539200796955099,-0.130814496028654,-0.519587841386685,-0.119198524320686,-0.945583369477607,-0.927608394981667,-0.969206528588445,-0.925443979286473,0.935524282280971,-0.940696867406326,0.621144876403839,-1.00225793532453,2.53711075924947,-0.483516265596913
"73","FOLIAGE",-1.12878646569135,-0.82142072858455,-0.286498677816793,4.26309542212392,0.308459295833827,5.0032387675099,0.206132134537937,0.463037903970559,0.407329444145715,0.489295720736897,0.480797930435011,-0.890759682649624,0.563538289908469,-0.0250997117762419,0.475447972575605,-0.551737755921198,-0.651759301831842
"74","FOLIAGE",-1.1962591850911,0.382576151482544,-0.286498677816793,-0.521609960705268,-0.126982721260172,-0.276444544039346,-0.0983202751804908,-0.936965018701099,-0.918229440135286,-0.971743056446885,-0.904455293019552,0.935524282280971,-1.01176309740937,0.742315736006018,-1.00482786087912,-0.75386383441287,-0.763465981493343
"75","FOLIAGE",-0.413575640054055,0.365376196053014,-0.286498677816793,-0.468837489951962,-0.128770883384367,-0.438540083245885,-0.117791428801978,-0.929304263891706,-0.927608394981667,-0.926085591520941,-0.925443979286473,0.772119929709493,-0.739342557947635,0.449486172720197,-0.958569237903377,2.53711075924947,-0.483516265596913
"76","FOLIAGE",-1.43916097493018,-0.563421397141601,-0.286498677816793,-0.275338386194287,-0.122895492385056,-0.403805313977467,-0.117220984640859,-0.886212520351187,-0.911976802633136,-0.847453287264013,-0.898458526285731,0.483759296838226,-0.455077669915244,0.267729862414956,-0.878901605847265,2.21224151443587,-0.528358613706868
"77","FOLIAGE",-0.764433780932729,-0.339821976557712,-0.286498677816793,-0.398474141786286,-0.118212214572466,-0.311179327896362,-0.109615061089302,-0.903449221904202,-0.924482076793329,-0.875355077726737,-0.907453676386463,0.541431426872807,-0.543910470743971,0.358608003935856,-0.907170770757248,2.48280415489037,-0.541917114874627
"78","FOLIAGE",-1.07480829017155,-0.253822199410063,-0.286498677816793,7.46462617573809,0.162678891691553,5.14217765284772,0.04407642794925,0.328974727124991,0.247887318114578,0.390371289493127,0.330878816060381,-1.01571591969532,0.699748580959207,-0.12607541447967,0.375221033225872,-0.282647271057782,-0.654155728052278
"79","FOLIAGE",-0.885884675852269,-0.408621798275832,-0.286498677816793,-0.363292488284718,-0.112421974183341,-0.33433582129051,-0.115851919044355,-0.906321999463527,-0.924482076793329,-0.877891605585177,-0.913450444469557,0.570267487564688,-0.543910470743971,0.32831532038827,-0.909740696311839,2.47601588433082,-0.519009152715841
"80","FOLIAGE",-0.777928324812677,0.227776552616775,-0.286498677816793,1.51892638567459,-0.0462383494787144,0.0130117588530574,-0.0866737177151361,-0.557757675027432,-0.674376619194006,-0.426389986931012,-0.595621781940841,-0.62162309889043,0.462861129849157,-0.136172975662199,-0.452294292221375,1.04508579642418,-0.620180983677331
"81","FOLIAGE",1.36770415209921,-0.219422288551003,-0.286498677816793,-0.504019137120832,-0.129452087714083,-0.438540083245885,-0.11733507404809,-0.915897946207149,-0.924482076793329,-0.903256852209349,-0.913450444469557,0.666387707172596,-0.662354169649162,0.429291023091698,-0.935439919476714,2.43935913533274,-0.523011126789664
"82","FOLIAGE",1.43517687149895,0.0213770874624158,-0.286498677816793,0.48106733823864,0.212512598043541,-0.160662014546043,-0.0534453243061919,-0.881424548272128,-0.886966259377384,-0.870282019726985,-0.880468226084267,0.666387707172596,-0.644587577503614,0.398998312280669,-0.902030917335135,2.07685704170433,-0.499254187196241
"83","FOLIAGE",-0.292124745134514,0.0385770428919457,-0.286498677816793,-0.310520008032365,-0.112464979344627,-0.36907054470905,-0.112405375040264,-0.91302516089131,-0.915103121946948,-0.915939489218675,-0.898458526285731,0.724059819905539,-0.768953482673932,0.55046188451144,-0.948289544936738,2.20196189450935,-0.575324655880032
"84","FOLIAGE",-1.66856822088931,-0.71822099600737,-0.286498677816793,3.24282743891494,6.01748114273583,1.37924544431537,1.9891625165255,-0.407415333129355,-0.533692299311973,-0.307173300859498,-0.400726822613465,-0.833087613170776,0.368106096105466,0.247534758225527,-0.331507916053878,0.756826980955352,-0.70412201633594
"85","FOLIAGE",1.42168232761901,0.0213770874624158,-0.286498677816793,-0.521609960705268,-0.129026333973431,-0.484853080454609,-0.117943547772034,-0.941752990780158,-0.927608394981667,-0.959060426286179,-0.925443979286473,0.897076201358463,-0.89331938784425,0.580754595322468,-0.991978242357887,2.53711075924947,-0.483516265596913
"86","FOLIAGE",-0.899379219732218,-0.236622243980533,-0.286498677816793,-0.328110850614895,-0.125705467395226,0.0477465010283654,-0.102275359982182,-0.847908754060737,-0.886966259377384,-0.811941915508842,-0.844487620284247,0.329966999100652,-0.443233257384989,0.409095891638826,-0.842922666586439,1.94099221701251,-0.604967749242456
"87","FOLIAGE",-0.885884675852269,-0.0474227342557038,-0.286498677816793,0.0764782121483812,-0.0858348111646977,-0.241709864386599,-0.100303273992408,-0.465828606972697,-0.630608179751187,-0.248833219470088,-0.559641186935003,-1.1406722432492,1.13799019228887,-0.742027191882767,-0.272399688434493,1.13505664233817,-0.571284077348498
"88","FOLIAGE",0.207173378423598,0.0385770428919457,-0.286498677816793,-0.398474198780571,-0.126386666115223,0.0130117588530574,-0.0807125650033844,-0.857484687876835,-0.883839938656729,-0.827161084942354,-0.859479539817346,0.454923236146345,-0.490610800906669,0.358608003935856,-0.858342222226917,1.89135694749057,-0.573195062132255
"89","FOLIAGE",0.0317443079842609,0.348176240623484,-0.286498677816793,-0.134611740524522,-0.12868573415362,-0.357492323021,-0.113265906205323,-0.850781534205566,-0.902597848912229,-0.78911318304587,-0.865476303852623,0.214622687126575,-0.265567709027203,0.227339590421399,-0.819793355098569,2.16486438299826,-0.588054315493092
"90","FOLIAGE",-1.37168825553043,0.107376864610065,-0.286498677816793,-0.45124665370213,-0.129707538556044,-0.461696584976375,-0.117943547463994,-0.945583369477607,-0.927608394981667,-0.969206528588445,-0.925443979286473,0.935524282280971,-0.940696867406326,0.621144876403839,-1.00225793532453,1.55959364031665,-0.483516265596913
"91","CEMENT",0.895395116300995,-0.0646226896852337,-0.286498677816793,-0.257747670265723,-0.101748983120353,-0.345913757458865,-0.111573797046298,0.0713818230664212,0.0915712820818123,0.0961342679384524,0.0220452294224012,0.128114496400113,0.231895805054729,-0.529978225293382,0.0771098816829769,-0.666479411077681,-0.426830941988161
"92","CEMENT",1.27324234493957,-0.7354209514369,-0.286498677816793,-0.204975395826063,-0.123917304029535,-0.403805313977467,-0.109919317511799,0.0675514753950289,0.0946977378594148,0.0961342679384524,0.00705338005148024,0.19539866396696,0.255584576815568,-0.641051580057481,0.0771098816829769,-0.617007074125419,-0.399029704496847
"93","CEMENT",0.153195202903802,-1.33741939147045,-0.286498677816793,-0.222565953437172,-0.0959888043861912,-0.114349073607625,-0.10383059013058,0.413242996416752,0.426087362842274,0.45124798549016,0.351867426768033,-0.217918266505735,0.604993493915847,-0.802612558977939,0.436899274291231,-0.720804622477001,-0.452420887925841
"94","CEMENT",-0.791422868692626,0.640575482925493,-0.286498677816793,0.340340850886331,-0.0385112332301368,0.0361683022652546,-0.115091328814673,-0.368153978628304,-0.414892241356645,-0.284344568396526,-0.418717106623657,-0.131410075779273,0.285195474892031,-0.348221942251583,-0.308378604566007,0.0122449322551915,-0.511944152192484
"95","CEMENT",0.881900572421046,-0.305422065698652,-0.286498677816793,-0.0114758107833207,-0.0787023090070966,-0.0911926552405492,-0.102275332258603,0.223639300017624,0.232255601963846,0.281300673763654,0.144979025723554,-0.102573954531658,0.587227061669309,-0.893490700498838,0.264714317643979,-0.559699677639368,-0.420470825516584
"96","CEMENT",-1.18276464121115,-0.76982086229596,-0.286498677816793,-0.292929007132378,-0.127408483737271,-0.0101445553097497,-0.089991804002427,0.173844444173911,0.229129315007427,0.179839696398458,0.111996730429723,0.368415045419884,0.184518314832718,-0.701636856274511,0.161917434236206,-0.722787965808966,-0.349925026668035
"97","CEMENT",0.989856923460638,0.0729769537510055,-0.286498677816793,0.164432330070557,-0.0306773989800863,1.24030635056902,0.491861197214232,0.0943640642250577,0.141592436121789,0.0961342679384524,0.0460323287402307,0.358803033840076,0.0897634409880379,-0.529978225293382,0.0771098816829769,-0.766411357820713,-0.364209637926616
"98","CEMENT",0.895395116300995,-0.374221887416772,-0.286498677816793,-0.257747258640336,-0.11357762681931,-0.311179265373801,-0.107321410743967,0.205445025767036,0.169729300098195,0.299056359641239,0.126988687742456,-0.496666775336546,0.824114299580681,-0.88339313931631,0.282703787274391,-0.44206997230412,-0.483456948116209
"99","CEMENT",1.59711139805834,-0.0474227342557038,-0.286498677816793,0.797702251416249,-0.0312622351474068,-0.218553466860378,-0.100672919659106,0.278222200334527,0.332297910043799,0.281300673763654,0.21993854243269,0.272294843113614,0.249662450499946,-0.71173441745704,0.264714317643979,-0.782590641168531,-0.365740413690812
"100","CEMENT",1.42168232761901,-0.0990226005442935,-0.286498677816793,0.428295032135489,-0.110138353333106,-0.241710031113428,-0.110665477721279,0.0503147428159572,0.0165397479798957,0.131645731008553,-0.0139352846270777,-0.352486601639427,0.61091562023147,-0.671344263605066,0.113088913461048,-0.387995670023978,-0.491108646618982
"101","CEMENT",0.355613361103036,-0.580621352571131,-0.286498677816793,2.04665102988066,-0.0262602053002653,-0.392227108962101,-0.115501505532463,-0.139288953583171,-0.158534094201974,-0.0687398602302729,-0.202833482617723,-0.0641259082124263,0.379950561935391,-0.580466122084167,-0.089935094330949,-0.316529503614237,-0.452829120447096
"102","CEMENT",0.692976958101761,-0.391421842846302,-0.286498677816793,0.00611477849127867,-0.113699217472589,-0.241709739341477,-0.112809556072031,0.472613837786657,0.488613720981653,0.522270683343037,0.393844864066961,-0.23714228966535,0.735281711950632,-1.00456414614108,0.508857106554259,-0.680101392084587,-0.426952911553889
"103","CEMENT",-0.0897065869352798,0.0557769983214756,-0.286498677816793,-0.398474157618032,-0.122299446436367,-0.160661972864336,-0.0977117980681095,-0.427524845853256,-0.474292284402741,-0.350294242492749,-0.469689631956775,-0.0833499313720422,0.190440601047351,-0.237148678365627,-0.375196618100889,0.0609139993222293,-0.524820149633616
"104","CEMENT",-1.1152919218114,-1.13101992631609,-0.286498677816793,-0.169792855746738,-0.109065388870712,-0.334336069296668,-0.115753420556526,0.739782701516373,0.744971811862596,0.808897975218505,0.645709002122374,-0.554339104339965,1.09061264876719,-1.27719857070378,0.799258333405788,-0.688214501503076,-0.442672236321429
"105","CEMENT",1.24625325717967,0.434176017771134,-0.286498677816793,0.0412965586468126,-0.0728269172261034,-0.322757610022887,-0.114292701834574,-0.207278135387565,-0.324228962967132,-0.0560571981093416,-0.271796372917393,-0.909983878825621,0.889258381948238,-0.560270908840968,-0.0770854434286823,0.266307570850666,-0.575587448351302
"106","CEMENT",-1.49313915044997,0.399776106912074,3.47379646852862,-0.328110818951403,-0.120596435612078,-0.311179286214654,-0.111896841430258,-0.685117724056778,-0.702513483170413,-0.647067741682652,-0.70656194762672,0.397251106111765,-0.295178660403336,0.0859735793731573,-0.67587764431389,0.284313995166809,-0.492824685303993
"107","CEMENT",-1.38518279941038,-0.615021263430191,-0.286498677816793,-0.0114756208023728,-0.102549499178108,-0.29960106661069,-0.113099531052175,0.696690999343929,0.641803413784273,0.829190344189911,0.585741388755066,-1.07338824869874,1.49924362851875,-1.42866198844171,0.81981788587011,-0.499400858528888,-0.490363619061342
"108","CEMENT",0.0722279396241079,-1.56101881205434,-0.286498677816793,-0.257747480284775,-0.107423546971133,-0.36907043216844,-0.110911956562215,0.578906780710493,0.598034833657133,0.613585613194925,0.513780144772484,-0.294814445652389,0.717514959906075,-0.913686004620179,0.60137435250574,-0.766405859286369,-0.450187408428074
"109","CEMENT",0.504053343782475,0.623375527495963,-0.286498677816793,0.0764782121483812,-0.109417231808335,-0.079614248068902,-0.104557567060895,-0.283885709336542,-0.217934193521798,-0.33000203332247,-0.289786656927585,0.839404071323882,-0.555754829974556,0.0657784751837283,-0.354637227541748,-0.969434093304905,-0.296367369531033
"110","CEMENT",0.342118817223087,0.606175572066433,-0.286498677816793,0.0764783071388551,-0.0939442941179366,-0.253288021468003,-0.115205420891583,-0.740658166045197,-0.73065034714682,-0.725700055071073,-0.760532880613657,0.69522374191202,-0.502455160137254,0.126363887717971,-0.755545285621727,0.351273782769704,-0.386718794234053
"111","CEMENT",0.517547887662424,-0.941820416591259,-0.286498677816793,-0.0290665583753767,-0.0806608434387559,-0.218553216770134,-0.109615065915258,0.509002489708021,0.535508531791483,0.552708917197891,0.426827024433528,-0.169858122098504,0.723437192821038,-1.05505195205372,0.539696111440381,-0.695795308808805,-0.41292051181056
"112","CEMENT",0.841416940781199,-0.7354209514369,-0.286498677816793,-0.187384426589568,-0.115146786996037,-0.264866282753675,-0.112201103602831,0.0886185556454929,0.135339862208952,0.0834517199611835,0.049030682423143,0.358803033840076,0.0364637711507353,-0.439100083772483,0.0642603464272677,-0.785193075479338,-0.386237392798763
"113","CEMENT",0.207173378423598,-0.85582063944361,-0.286498677816793,-0.0642486868293151,-0.112464964400704,-0.380648895610392,-0.109196821533293,0.238003200741772,0.357308430790059,0.162083964863407,0.210943400427594,0.906688230239909,-0.336633917710383,-0.378514625799169,0.14392791834717,-1.0868386226617,-0.218795944140913
"114","CEMENT",1.5026495908987,-0.0990226005442935,-0.286498677816793,-0.363292250808533,-0.122214672550979,-0.276444502357639,-0.111875000692025,0.227469725254158,0.185360931838336,0.329494661982291,0.144979025723554,-0.57356304099139,0.901102901077833,-0.933881036107094,0.313542861548448,-0.40800593620812,-0.486777123860471
"115","CEMENT",-0.170673850214974,-0.563421397141601,-0.286498677816793,1.73001643333797,0.0281871429428383,-0.276444648243615,-0.110468836326192,0.726376471738976,0.69495079850694,0.816507704897712,0.642710648439462,-0.881147671069816,1.22682315301661,-1.16612512506154,0.806968258097155,-0.637323146795628,-0.492761969091962
"116","CEMENT",0.976362379580689,-0.0302227788261739,-0.286498677816793,6.25085879746731,0.267686365776916,-0.345914078408011,-0.110213095037505,0.102024837132984,0.125960804381648,0.124036069815543,0.0520290361060555,0.137726507979921,0.237817984670021,-0.550173438536581,0.105379058157616,-0.627503600234731,-0.420120884443934
"117","CEMENT",0.220667922303547,-1.81901814349728,3.47379646852862,0.569021519487798,-0.0292033373300717,0.499298336875052,-0.0956912461282083,0.193953931042765,0.207245193765042,0.228033661788363,0.138982183430465,-0.0352898734730026,0.397716994181929,-0.641051580057481,0.210745955011364,-0.682013034528708,-0.442252332685052
"118","CEMENT",-0.61599379825329,-1.62981863377246,-0.286498677816793,0.744929438697237,-0.0450072622194031,-0.369070571802159,-0.112743541096383,0.654556735422813,0.576150628004156,0.801288587970285,0.549760820734681,-1.25601664173147,1.5643875509873,-1.34788140810334,0.791548755654093,-0.434051833570818,-0.515651719180997
"119","CEMENT",0.598515150942118,-0.357021931987242,-0.286498677816793,-0.292929197113326,-0.123321263368696,-0.357492227153073,-0.116460401290732,0.546348554025663,0.576150628004156,0.585683879804031,0.46580608106409,-0.169858122098504,0.723437192821038,-1.05505195205372,0.573105245419035,-0.719077466857186,-0.413739093044274
"120","CEMENT",1.12480236226013,-0.993420282879849,-0.286498677816793,-0.16979386897846,-0.103061326235713,4.96850373356264,0.142715854239377,0.507087277089754,0.554266478624906,0.466466988273925,0.504785029752841,0.0223822825140357,0.131218644995416,-0.247246239548155,0.452318661087735,-0.994574184113935,-0.40426580280434
"121","WINDOW",0.868406028541097,0.365376196053014,-0.286498677816793,-0.609564110290935,-0.131495700657249,-0.54274434520126,-0.119502761182658,-0.958989689747668,-0.927608394981667,-1.00471789121212,-0.925443979286473,1.07009258281139,-1.10651806719346,0.762510878364267,-1.03823686533363,-1.86171671583099,0.859556673454413
"122","WINDOW",0.868406028541097,0.313776329764424,-0.286498677816793,-0.609564110290935,-0.131495700657249,-0.54274434520126,-0.119502761182658,-0.958989689747668,-0.927608394981667,-1.00471789121212,-0.925443979286473,1.07009258281139,-1.10651806719346,0.762510878364267,-1.03823686533363,-1.86171671583099,0.859556673454413
"123","WINDOW",1.15179145002003,0.520175794918783,-0.286498677816793,-0.609564110290935,-0.131495700657249,-0.54274434520126,-0.119502761182658,-0.958989689747668,-0.927608394981667,-1.00471789121212,-0.925443979286473,1.07009258281139,-1.10651806719346,0.762510878364267,-1.03823686533363,-1.86171671583099,0.859556673454413
"124","WINDOW",-0.912873763612167,-0.580621352571131,-0.286498677816793,-0.0642484335213845,-0.101454316551074,0.742441594624769,-0.0712080154508283,-0.519453888052943,-0.56182916328838,-0.44414569563733,-0.562639540617915,0.0319942940938435,0.101607746918953,-0.206855994818041,-0.470283784981099,0.238672904980518,-0.506185931800785
"125","WINDOW",1.59711139805834,-0.494621575423481,-0.286498677816793,-0.398474189281523,-0.12434305363187,-0.496431339656195,-0.119198524361758,-0.928346670510096,-0.921355758604992,-0.931158640389201,-0.922445595649707,0.820180039513447,-0.780797868554352,0.469681304173069,-0.963709082073766,2.43935913533274,-0.468668555097186
"126","WINDOW",1.40818778373906,-0.322622021128182,-0.286498677816793,-0.451246701197367,-0.118903207769387,0.0477465010283654,-0.0985433031593314,-0.447634281012016,-0.468039597942448,-0.408634346710891,-0.469689631956775,0.176174640807344,-0.0938243402847101,-0.0250997117762419,-0.434304868849585,-0.209814784846006,-0.519582832913005
"127","WINDOW",1.36770415209921,0.141776775469125,-0.286498677816793,-0.609564110290935,-0.131495700657249,-0.54274434520126,-0.119502761182658,-0.958989689747668,-0.927608394981667,-1.00471789121212,-0.925443979286473,1.07009258281139,-1.10651806719346,0.762510878364267,-1.03823686533363,-1.86171671583099,0.859556673454413
"128","WINDOW",0.96286783570074,-0.477421619993952,-0.286498677816793,-0.0642484968483672,-0.105658428283967,-0.264866261912821,-0.106514664862411,-0.76172525663768,-0.736902985774444,-0.758674880704818,-0.781521558784941,0.849016091554509,-0.603132266896897,0.1364614489005,-0.788954280824513,0.392972027936981,-0.262190368578638
"129","WINDOW",-1.10179737793145,0.502975839489253,-0.286498677816793,0.00611490514524394,-0.0922412754768263,-0.288022805325018,-0.110984127815285,-0.919728319733589,-0.89947153100526,-0.938768221681647,-0.907453676386463,0.935524282280971,-0.887397208228958,0.53026673488294,-0.971418856424608,0.991702505952098,-0.380171555158483
"130","WINDOW",-0.953357395252014,0.176176686328185,-0.286498677816793,-0.1170208662785,-0.108334749216636,-0.438540064489117,-0.115966009786425,-0.820138509796985,-0.824439892796947,-0.799259299045376,-0.832494086816605,0.627939617599269,-0.526143878598424,0.23743717886737,-0.830073061942796,0.911618200741454,-0.45376460521305
"131","WINDOW",0.43658062438273,-0.649421174289251,-0.286498677816793,-0.222565858446698,-0.102958194775717,-0.496431314647171,-0.117735304572526,-0.469658980499137,-0.51806072384556,-0.390878615175841,-0.51166704227025,-0.0641259082124263,0.16675188258618,-0.216953556000569,-0.416315352960549,0.157452690550983,-0.526171818669589
"132","WINDOW",-0.386586552294157,-0.494621575423481,-0.286498677816793,-0.380883220045028,-0.12493910348897,-0.450118284093081,-0.115091322037798,-0.436143212142792,-0.477418571359159,-0.34775767354259,-0.49667511194297,-0.0256778618931947,0.261506756430861,-0.418904961407426,-0.372626650913538,0.124555135524825,-0.477422789216976
"133","WINDOW",0.369107904982985,0.554575705777843,-0.286498677816793,-0.45124665370213,-0.117445860322284,1.70343659358735,1.23389449525705,-0.770343612585197,-0.777545115751354,-0.753601834119432,-0.775524802845301,0.560655450032423,-0.514299519367839,0.28792502113127,-0.783814438967055,0.337697021709242,-0.497093107088436
"134","WINDOW",1.12480236226013,-1.52661890119528,-0.286498677816793,-0.0642483701944019,-0.0916993191717461,-0.450118317438447,-0.114349786326659,-0.585527883094118,-0.624355521427758,-0.525314509489712,-0.613612092936486,0.118502484820305,-0.058291262592955,-0.0250997117762419,-0.552521324088353,0.249535721453679,-0.527114549787241
"135","WINDOW",1.31372597657941,-1.04502014916844,-0.286498677816793,-0.521609954372569,-0.125726790074028,-0.403805313977467,-0.11377554875849,-0.793325871842366,-0.811934623982758,-0.743455718119926,-0.826497317384238,0.474147259305961,-0.301100840018628,0.0152906238320142,-0.773534732122829,1.13304052774151,-0.444884297399137
"136","WINDOW",-0.0222338675355349,0.502975839489253,-0.286498677816793,-0.609564110290935,-0.131495700657249,-0.54274434520126,-0.119502761182658,-0.958989689747668,-0.927608394981667,-1.00471789121212,-0.925443979286473,1.07009258281139,-1.10651806719346,0.762510878364267,-1.03823686533363,-1.86171671583099,0.859556673454413
"137","WINDOW",-1.41217188717028,0.193376641757715,-0.286498677816793,-0.398474157618032,-0.129452084840252,-0.415383562758627,-0.117030837340138,-0.882382144239243,-0.896345210284605,-0.857599387283406,-0.889463373486454,0.589491545327581,-0.549832597059594,0.318217731942298,-0.889181296500973,1.78593530804691,-0.508333288729271
"138","WINDOW",1.32722052045936,-1.04502014916844,-0.286498677816793,-0.504019118122738,-0.124641212251052,-0.45011833411113,-0.1143497850945,-0.792368268118738,-0.811934623982758,-0.743455718119926,-0.823498936715872,0.464535247726153,-0.307023019633921,0.0354857461970716,-0.773534732122829,1.08712701816969,-0.454224395847263
"139","WINDOW",0.800933309141352,0.382576151482544,-0.286498677816793,-0.380883324534549,-0.117434253262474,-0.49643133757211,-0.116708167943254,-0.944625773510492,-0.918229440135286,-0.976816107598018,-0.922445595649707,1.01242045277681,-0.999918727518855,0.641340016944525,-1.00996770736244,0.459886771546531,-0.372286947369315
"140","WINDOW",1.35420960821926,-1.11381997088656,-0.286498677816793,-0.504019086459246,-0.121801990374574,-0.450118317438447,-0.115967848578474,-0.743530972045074,-0.771292491192161,-0.682579113437822,-0.781521558784941,0.349191022260268,-0.182657087813768,-0.0553923953238279,-0.711856583574716,0.875331569087119,-0.466951297999057
"141","WINDOW",-0.899379219732218,-0.167822422262413,-0.286498677816793,0.48106733823864,-0.1033728058677,-0.392227052691796,-0.115501511282539,-0.41986407294533,-0.452407994339171,-0.355367266249403,-0.460694489951679,0.0416063056736514,0.107530033133585,-0.227051117183098,-0.380336436829035,-0.0370514076097927,-0.503586351224814
"142","WINDOW",0.477064256022577,-1.40621921318857,-0.286498677816793,-0.345701693197425,-0.112881003212082,-0.496431331319854,-0.117735305188606,-0.940795397398548,-0.911976802633136,-0.976816107598018,-0.916448828106322,1.03164449756347,-1.02360746729989,0.661535157485211,-1.00996770736244,0.500616394903796,-0.323663863356812
"143","WINDOW",0.477064256022577,-0.219422288551003,-0.286498677816793,-0.345701788187899,-0.115604229669893,-0.450118484165276,-0.116708168970053,-0.141204114491344,-0.161660465568984,-0.10678768679194,-0.160856126275154,-0.0737379197922343,0.125296465380123,-0.136172975662199,-0.128483885132569,-0.509323161699603,-0.543055882250129
"144","WINDOW",0.82792239690125,-1.90501792064493,-0.286498677816793,-0.468837518449104,-0.125238439229458,-0.0564577671792658,-0.099311946575319,-0.79715625312532,-0.818187259796695,-0.745992264241352,-0.829495700751149,0.454923236146345,-0.295178660403336,0.025388185014543,-0.776104676180869,1.16160444591577,-0.460163005507308
"145","WINDOW",0.234162466183496,-0.202222333121473,-0.286498677816793,-0.257747480284775,-0.121025301597087,-0.426961869894177,-0.115967851658871,-0.215896501677101,-0.236692084081493,-0.185420023009093,-0.229818935618465,-0.0160657638051961,0.0364637711507353,-0.0452948341412993,-0.208151549569717,-0.473958260354397,-0.552947857713322
"146","WINDOW",1.71856229297788,0.244976508046305,-0.286498677816793,-0.328110869612989,-0.118981176882041,-0.415383575263139,-0.112188610228645,-0.939837804016938,-0.918229440135286,-0.964133477437312,-0.922445595649707,0.964360351623671,-0.940696867406326,0.590852174680625,-0.997118088841207,1.43740389047936,-0.427861142342223
"147","WINDOW",1.09781327450023,-1.06222010459797,-0.286498677816793,-0.433655842783092,-0.122214680137894,-0.438540097834483,-0.114784945993665,-0.776089165118342,-0.796303020379481,-0.725700055071073,-0.808507011785683,0.44531119861408,-0.283334247873081,0.0152906238320142,-0.755545285621727,0.979446932723776,-0.454224395847263
"148","WINDOW",1.54313322253855,-0.511821530853011,-0.286498677816793,0.4810671165942,0.178793038624289,-0.32275756834118,-0.110641870272302,-0.586485476475728,-0.649366070310882,-0.482193545027729,-0.64359589962014,-0.102573954531658,0.249662450499946,-0.317929258703998,-0.50883259891203,0.676417074535003,-0.51115385096849
"149","WINDOW",1.11130781838018,-0.133422511403353,-0.286498677816793,-0.275338386194287,-0.123917304029535,-0.508009584269184,-0.119160494675718,-0.927389077128487,-0.915103121946948,-0.938768221681647,-0.916448828106322,0.868240140666582,-0.840019718006948,0.520169164612597,-0.971418856424608,2.24385562356962,-0.465009917014378
"150","WINDOW",-0.467553815573851,0.193376641757715,-0.286498677816793,-0.486428316702746,-0.131069947652298,-0.345914078408011,-0.117943542946078,-0.904406810114803,-0.89947153100526,-0.898183798775343,-0.907453676386463,0.78173194994012,-0.697887273990752,0.368705583294012,-0.930300070680462,2.01576819317932,-0.431411982927665
"151","PATH",-0.521531991093647,1.2769738338181,3.47379646852862,-0.0994298020515313,-0.0981203871450698,-0.276444377312517,-0.108168287019558,0.675623789818229,0.654308561609947,0.770850239971768,0.576746273735423,-0.746579422444314,1.22090092010165,-1.29739360219069,0.760709635121414,-0.606587747438295,-0.466602639466531
"152","PATH",-1.62808458924946,1.13937419038186,-0.286498677816793,0.0412968436182344,-0.042172765611321,1.90026657694499,1.05717156757867,-0.275267317191959,-0.267955235014318,-0.251369719934049,-0.307776913952325,0.291518866273229,-0.058291262592955,-0.206855994818041,-0.274969586233911,-0.667555716184284,-0.487752816259292
"153","PATH",0.126206115143904,1.1049742795228,-0.286498677816793,-0.0114760007642686,-0.0966567333625348,-0.102770708117685,-0.101177390224587,0.57603402642071,0.554266478624906,0.687144925655425,0.459809238771,-0.669683156789469,1.2505116582791,-1.42866198844171,0.675902198214742,-0.509263029728019,-0.444453171536681
"154","PATH",1.71856229297788,1.34577365553622,-0.286498677816793,0.850474525855908,-0.00515943225622033,0.615080803845794,-0.0599969327771612,0.0828729177906923,0.0790661342561381,0.113889999473503,0.049030682423143,-0.102573954531658,0.285195474892031,-0.378514625799169,0.0950993975720126,-0.650419511907536,-0.535735143226181
"155","PATH",1.27324234493957,0.915774769797971,-0.286498677816793,0.0588876228737818,-0.0887809802594347,0.522454817764688,-0.0903263321088983,0.599973860960957,0.573024312910873,0.722656274581863,0.474801223069186,-0.736967497372697,1.35118887163808,-1.52963769114513,0.711881114346256,-0.478450782854696,-0.442637222976062
"156","PATH",1.08431873062028,1.15657414581139,-0.286498677816793,-0.204975205845116,-0.108547693219661,-0.206975122211291,-0.107963429279768,0.32035630912536,0.332297910043799,0.380225241979819,0.234930499745423,-0.150634098938888,0.68198204211333,-1.00456414614108,0.36494139576958,-0.582588536523202,-0.415030995710501
"157","PATH",1.04383509898043,1.20817401209998,-0.286498677816793,-0.257747258640336,-0.114245643160125,0.163528863794839,-0.0939433052748294,0.119261569712055,0.13846614916537,0.151937917350099,0.0610242860529638,0.0800543519928831,0.326650892098089,-0.641051580057481,0.133648280890878,-0.63714187111538,-0.418492956265396
"158","PATH",1.32722052045936,0.657775438355023,-0.286498677816793,-0.169793267372125,-0.0615872020302555,1.33293227412757,0.199033296501442,0.127879884291497,0.0853187081689752,0.18744919779034,0.0970048810588019,-0.496666775336546,0.522082926002082,-0.368417155494782,0.169627127634458,-0.505045917815934,-0.604010781929435
"159","PATH",-0.508037447213698,1.25977387838857,3.47379646852862,-0.187384616570516,-0.111511588105931,-0.079614310591463,-0.10236664345991,0.63348973273749,0.619919123720703,0.722656274581863,0.534768836436495,-0.640847295066427,1.1439123186045,-1.27719857070378,0.711881114346256,-0.596938479488959,-0.454236579978434
"160","PATH",-0.265135657374616,1.20817401209998,-0.286498677816793,0.410703872918046,-0.0876948398552413,0.0593248456774518,-0.0971459998654342,0.595185894052907,0.566771682724308,0.709973658118397,0.480797930435011,-0.746579422444314,1.29196707548516,-1.41856451813732,0.699031509702613,-0.504830815152402,-0.453614355637603
"161","PATH",-0.642982886013188,1.07057436866374,-0.286498677816793,0.322749976640309,0.0446807022816467,0.754019710024465,0.210289983435802,-0.117264228241003,-0.105386737616171,-0.0991781397425922,-0.14886257661624,0.205010675546767,0.0305415915354427,-0.267441361913213,-0.120774145475694,-0.672448048113794,-0.477665574062322
"162","PATH",-0.494542903333749,0.984574591516091,-0.286498677816793,-0.13461193050547,-0.109955800900878,0.25615476651253,-0.0898418687262791,0.344296169520654,0.344803057869473,0.418273068541486,0.252920837726522,-0.275590335984582,0.80042579431819,-1.07524698354064,0.4034901865712,-0.538029469919231,-0.428574811793848
"163","PATH",1.20576962553982,0.657775438355023,-0.286498677816793,0.569021424497324,-0.114720950259137,1.85395382357426,0.0747905905126468,0.0867032913171317,0.0665608738830081,0.129109184887127,0.055027551701686,-0.256366312824966,0.368106096105466,-0.358319503434112,0.110518969403008,-0.550619222070834,-0.550557074669429
"164","PATH",0.989856923460638,1.03617445780468,-0.286498677816793,-0.275338639502218,-0.104328805395695,0.163528863794839,-0.103100150833284,0.438140450193655,0.447971652905844,0.514661181951155,0.333877196728747,-0.265978410912965,0.89518072146254,-1.24690570539991,0.501147413156007,-0.548131377215753,-0.406925342131076
"165","PATH",0.868406028541097,1.1049742795228,-0.286498677816793,-0.222565731792732,-0.108420044529977,0.0940594628076379,-0.0949723295717936,0.295458932913599,0.313539906936648,0.362469556102234,0.195951551056673,-0.0737379197922343,0.711592833590452,-1.13583262327023,0.346951926139168,-0.516755112683576,-0.389298495438112
"166","PATH",-0.00873932365558597,1.17377410124092,-0.286498677816793,0.498658307475135,-0.0685331925357068,0.140372570472886,-0.0907510193479486,0.585609960236809,0.560519108811471,0.702364042582852,0.46580608106409,-0.708131289616892,1.29788920180078,-1.46905232404996,0.691321700657804,-0.482196296473178,-0.445735711660007
"167","PATH",0.773944221381454,1.08777432409327,3.47379646852862,0.551430360270355,-0.0845037122766632,-0.172240505081105,-0.106757450511901,0.293543668585237,0.304161046067392,0.362469556102234,0.198949931725038,-0.14102208735908,0.723437192821038,-1.08534472647945,0.346951926139168,-0.522177195405909,-0.405704748695706
"168","PATH",0.355613361103036,0.692175349214082,-0.286498677816793,0.0412965586468126,-0.0789577811154096,3.24334392740365,0.311639286895436,0.0752121965928606,0.0446766119563024,0.0910612670105308,0.0850112774289811,-0.342874590059619,0.172674008901803,0.0657784751837283,0.0745399838835596,-0.701101482427171,-0.754834358209342
"169","PATH",-0.170673850214974,1.2769738338181,-0.286498677816793,0.727339197721042,-0.0626658060992163,0.487720138111941,-0.0874379304924763,0.342380982757434,0.329171566813652,0.41573652242006,0.264914306429077,-0.400546659538466,0.794503561403228,-0.933881036107094,0.40092024251316,-0.558218812369882,-0.468655280806909
"170","PATH",0.166689746783751,1.01897450237515,-0.286498677816793,-0.0290667483563247,-0.0428539762864562,0.209841950619234,-0.0248470489101586,-0.0559782259629253,-0.0428603232030643,-0.0256188957682897,-0.103886839605305,0.166562542719345,0.16675188258618,-0.459295297015682,-0.0462463691546258,-0.604724624061225,-0.42370462218354
"171","PATH",-1.62808458924946,1.34577365553622,-0.286498677816793,0.252386416329242,-0.0928979436325569,0.545611173609202,-0.0874196575735029,0.429522135614214,0.397950498865868,0.529880184734919,0.336875604382565,-0.640847295066427,1.05507973097445,-1.1257350620877,0.516566799952511,-0.503097589150671,-0.471223952165908
"172","PATH",1.48915504701875,1.25977387838857,-0.286498677816793,-0.0818392761039145,-0.100841484668645,-0.079614310591463,-0.107712352226552,0.262900706228769,0.247887318114578,0.332031253761182,0.192953089431948,-0.352486601639427,0.699748580959207,-0.822807863099279,0.316112851865111,-0.567415309007209,-0.470832136158232
"173","PATH",0.57152606318222,1.13937419038186,-0.286498677816793,0.586612108762398,-0.0800490070514927,0.244576713635395,-0.103644822641945,0.55113654678876,0.51675058495806,0.649096847977701,0.462807619439366,-0.765803359095739,1.13799019228887,-1.13583262327023,0.637353152990696,-0.561761672006587,-0.487960651886277
"174","PATH",1.69157320521798,0.915774769797971,-0.286498677816793,-0.0994298020515313,-0.107060319983009,0.175107187603072,-0.102095339488798,0.428564542232604,0.397950498865868,0.540026414878087,0.321883566113473,-0.631235110470238,1.13206806597325,-1.26710100952125,0.526846622443295,-0.46228605962582,-0.456495133135613
"175","PATH",1.61060594193829,1.22537396752951,-0.286498677816793,-0.0642484968483672,-0.105207731066966,-0.0680359659423766,-0.0985805975339117,0.327059488651677,0.322918852216495,0.403053974442791,0.237928853428335,-0.304426457232197,0.80042579431819,-1.04495448174933,0.388070707257451,-0.538315965552683,-0.436987184843766
"176","PATH",0.719966045861659,1.07057436866374,-0.286498677816793,0.217205079462586,-0.0899661344981198,0.105637828297578,-0.0961215078602405,0.308865214401089,0.310413619980229,0.380225241979819,0.21993854243269,-0.23714228966535,0.75304825079651,-1.03485692056681,0.36494139576958,-0.541909411705351,-0.426950346473642
"177","PATH",1.40818778373906,1.24257392295904,-0.286498677816793,0.70974781685916,-0.079124948434232,0.314046281349426,-0.0964240706800991,0.274391852663135,0.266645124263682,0.339640823639262,0.201948339378856,-0.294814445652389,0.68198204211333,-0.853100637525007,0.323822614651298,-0.584833258183735,-0.456781331964133
"178","PATH",-1.61459004536951,1.50057325440199,-0.286498677816793,0.0764783704658378,-0.0931013557118864,0.383515724018334,-0.0926688420791824,0.367278436534338,0.351055716192902,0.463930624782359,0.264914306429077,-0.448606717437506,0.978091182776966,-1.19641789948726,0.449748902064186,-0.464796910348596,-0.436383108445679
"179","PATH",-0.0897065869352798,0.984574591516091,-0.286498677816793,0.00611496847222662,-0.0974237566406468,0.105637828297578,-0.108324378983847,0.296416526295208,0.313539906936648,0.342177324103222,0.222937004057414,-0.0833499313720422,0.563538289908469,-0.873295669011923,0.326392512450715,-0.635226049785158,-0.420445495349148
"180","PATH",-0.521531991093647,1.20817401209998,-0.286498677816793,0.428295253779928,-0.0935114836270218,-0.079614310591463,-0.100923448401538,0.6287016882643,0.582403342601313,0.742948506580874,0.531770482753582,-0.938819740548663,1.31565574064666,-1.25700326658244,0.732440528034709,-0.543920555626957,-0.493122234612605
"181","GRASS",1.07082418674033,0.571775661207373,-0.286498677816793,-0.451246558711657,-0.125083924125416,-0.12592735573415,-0.113775549990649,-0.346129330851277,-0.439902733966041,-0.423853463638319,-0.160856126275154,-0.583174966063007,-0.828175342786461,2.02470729847433,-0.382906357757764,-0.150423003960888,2.6967508959775
"182","GRASS",-0.723950149292882,0.984574591516091,3.47379646852862,-0.222565953437172,-0.118552826577322,0.082481264044527,-0.100335863572948,-0.381560285970841,-0.411765869989634,-0.515168393490206,-0.190840013915167,0.0319942940938435,-1.24865052186959,2.09539031763017,-0.408605636432986,-0.421617140087711,2.43312483775472
"183","GRASS",-0.87239013197232,1.00177454694562,3.47379646852862,-0.0818392761039145,-0.10390690856657,0.0130117588530574,-0.0980540805623133,-0.451464680393502,-0.446155420426334,-0.596337207342589,-0.280791460951583,0.416475163874657,-1.38486079160046,1.9237315957709,-0.48570328742416,-0.605011867495348,2.26338360227473
"184","GRASS",-0.292124745134514,1.60377298697917,-0.286498677816793,-0.328110869612989,-0.116509206047242,-0.0911925927179883,-0.107751617028841,-0.582655128804335,-0.621229206334476,-0.692725206608595,-0.409722018589467,0.118502484820305,-1.24865052186959,2.00451217610927,-0.596210049264676,0.0372384541327521,2.42909509668723
"185","GRASS",-0.4810483594538,1.68977276412682,-0.286498677816793,-0.169793425689582,-0.0973503359982874,-0.241709781023185,-0.103226081597195,-0.595103842765263,-0.627481836521041,-0.720626985656954,-0.409722018589467,0.185786652387152,-1.36709423676468,2.13578056236029,-0.596210049264676,0.100211100523959,2.34551529145435
"186","GRASS",-1.57410641372967,1.31137374467716,-0.286498677816793,-0.0818391177864579,-0.113360428856223,-0.253287958945442,-0.112188610228645,-0.57116398236997,-0.552450218008532,-0.735846148241846,-0.38873327295455,0.637551629179077,-1.62174822672061,2.09539031763017,-0.578220533375641,-0.0631039911902537,2.08137018924366
"187","GRASS",1.01684601122054,2.18857147158318,-0.286498677816793,0.111659833986458,-0.0988318259274773,-0.241709781023185,-0.108971920672669,-0.72054870503139,-0.743155627215755,-0.837307182678873,-0.553644398612819,0.378027056999691,-1.40854952072156,2.00451217610927,-0.719566346360902,0.616540015002834,2.26582055676306
"188","GRASS",0.517547887662424,0.743775215502672,-0.286498677816793,-0.0466576542658372,-0.10629111719123,-0.0333011404036541,-0.108702354045843,-0.520411481434553,-0.580587081984939,-0.631848579097759,-0.325767278918876,-0.131410075779273,-1.20719521659284,2.1963660203336,-0.524252193872337,0.101100367486322,2.47288024697352
"189","GRASS",0.82792239690125,0.864174903509381,-0.286498677816793,-0.15220255144356,-0.112421954641288,-0.102770708117685,-0.0991188939461969,-0.515623514526504,-0.546197587821967,-0.649604287804077,-0.322768844279605,0.137726507979921,-1.36117204115949,2.1761708070904,-0.521682226684985,-0.117875199707272,2.35547235582881
"190","GRASS",-1.65507367700936,2.10257169443554,-0.286498677816793,-0.0114759691007773,-0.0817677742881929,0.117216027060689,-0.0858465611186239,-0.793325871842366,-0.752534572495602,-0.867745496434291,-0.73654580828128,1.02203247300743,-1.17166210692128,0.92407202086538,-0.871191836122285,-1.0213234539899,1.98604058505195
"191","GRASS",-0.845401044212422,1.72417267498588,-0.286498677816793,0.182023172653087,6.19283966542056e-05,-0.195396798403059,-0.0944032271292186,-0.786622713000088,-0.790050390192916,-0.898183798775343,-0.64359589962014,0.608715551185558,-1.42631608621728,1.79246311864175,-0.796664043610699,0.747446921247491,2.17197209403277
"192","GRASS",1.58361685417839,1.03617445780468,-0.286498677816793,-0.134611772188013,-0.109955808487793,-0.0911925093545738,-0.101039401757399,-0.561588048553871,-0.571208108568227,-0.720626985656954,-0.358749466270896,0.368415045419884,-1.5743707364986,2.29734181391517,-0.552521324088353,-0.0131356864401763,2.19075226493164
"193","GRASS",1.01684601122054,1.58657303154964,-0.286498677816793,-0.117020802951518,-0.10946159801613,0.441407030446693,-0.0923433929314412,-0.363366011720254,-0.446155420426334,-0.489803160563274,-0.130872292606047,-0.467830913613503,-1.1835064768118,2.50939059874827,-0.357207125341165,-0.010835495565182,2.50188053122614
"194","GRASS",-0.912873763612167,0.932974725227501,-0.286498677816793,-0.310519865546654,-0.1188082727062,-0.241709822704892,-0.101857011174735,-0.452422299630159,-0.483671201545724,-0.583654590879122,-0.262801203926843,0.0800543519928831,-1.29010581648641,2.11558543999523,-0.470283784981099,-0.282579881020863,2.40710934500412
"195","GRASS",-0.831906500332473,1.67257280869729,-0.286498677816793,0.357931598478387,0.219409666743802,0.22142029526832,-0.0569820900776138,-0.747361345571513,-0.743155627215755,-0.857599387283406,-0.613612092936486,0.647163640758885,-1.38486079160046,1.68138985475579,-0.770964834323411,0.279268628029441,2.20183091064394
"196","GRASS",-0.103201130815229,1.74137263041541,-0.286498677816793,0.357931471824421,-0.0726474866943064,0.0940595253301988,-0.0884777423420779,-0.435185567051088,-0.493050146825572,-0.598873730635282,-0.181844844924618,-0.179470220186503,-1.50330451182552,2.75173252151967,-0.400895850517488,0.0804369633986808,2.33714113810011
"197","GRASS",1.46216595925885,1.51777320983152,3.47379646852862,0.234795668737186,0.00849183204585764,-0.195396798403059,-0.101704908325427,-0.559672835935604,-0.577460738754792,-0.657213857682157,-0.421715487292023,0.291518866273229,-1.14205118219499,1.64099961002568,-0.606489686720968,-0.386255537863111,2.49797891591696
"198","GRASS",1.4486714153789,0.898574814368441,-0.286498677816793,-0.240156637702245,-0.117158511677058,0.0477465010283654,-0.0972422756409849,-0.561588048553871,-0.577460738754792,-0.695261752730021,-0.382736565588725,0.310742889432845,-1.39670517215091,2.05499998202192,-0.573080737776806,-0.157556670453775,2.29740971238161
"199","GRASS",-1.29072099225074,1.24257392295904,-0.286498677816793,-0.468837518449104,-0.122214684965931,-0.415383623197103,-0.112516279624346,-0.544351341829847,-0.521187010801979,-0.700334799315408,-0.376739750281088,0.65677567829115,-1.53883760550717,1.93382915695343,-0.567940849660726,-0.355967543248269,2.10556998994167
"200","GRASS",-0.831906500332473,1.34577365553622,-0.286498677816793,-0.15220255144356,-0.110378360550456,-0.345914103417035,-0.113836351187882,-0.757894880525736,-0.752534572495602,-0.877891605585177,-0.613612092936486,0.666387707172596,-1.46184919055887,1.79246311864175,-0.770964834323411,0.52773195514361,2.13118674096793
"201","GRASS",-0.427070183934004,1.94777209556977,3.47379646852862,-0.0466576226023459,-0.0695060901918165,-0.125927293211589,-0.109919301699091,-0.635322816502972,-0.658745043727594,-0.758674880704818,-0.460694489951679,0.301130877853037,-1.38486079160046,2.04490242083939,-0.639898705053065,0.105643828408783,2.31344248995529
"202","GRASS",-0.710455605412933,1.17377410124092,3.47379646852862,-0.20497507919115,-0.119830072165635,0.105637828297578,-0.0721939460112005,-0.566376015461921,-0.586839712171504,-0.664823427560237,-0.424713921931294,0.272294843113614,-1.1538955520855,1.68138985475579,-0.60905965390832,-0.320500413152542,2.49179995823781
"203","GRASS",-0.980346483011912,0.812575037220792,-0.286498677816793,-0.433655798454204,-0.121025296309237,-0.345914078408011,-0.115501503068145,-0.301122364350472,-0.361744828497114,-0.426389986931012,-0.0918932899463906,-0.314038468812004,-1.12428462416123,2.24685391712439,-0.323798107009068,-0.32603466597549,2.52943237879047
"204","GRASS",1.46216595925885,1.05337441323421,-0.286498677816793,-0.451246590375148,-0.129707539222773,-0.380648833087831,-0.111440487703169,-0.652559523226996,-0.652492385404165,-0.778967089875097,-0.49667511194297,0.531819389340542,-1.42039390660198,1.86314613779759,-0.670737802456433,-0.0777478198196208,2.22459343275274
"205","GRASS",1.51614413477865,1.17377410124092,-0.286498677816793,-0.292929197113326,-0.124343055011309,-0.230131540578367,-0.109120682317305,-0.769386006276063,-0.777545115751354,-0.880428119746378,-0.622607234941582,0.551043438452615,-1.40854952072156,1.82275589306747,-0.778674597109598,0.495261702218381,2.220602680905
"206","GRASS",-1.1962591850911,2.06817178357648,3.47379646852862,-0.0114759057737947,-0.0889204346481491,-0.125927272370735,-0.112201085120445,-0.614255736252508,-0.649366070310882,-0.728236578363766,-0.439705825273121,0.176174640807344,-1.30195019170689,2.03480485965686,-0.621909258551964,0.127558874866183,2.37828329382726
"207","GRASS",0.82792239690125,1.63817289783823,-0.286498677816793,-0.240156732692719,-0.114380443091647,-0.299601087451544,-0.112771526817247,-0.604679776581362,-0.627481836521041,-0.715553939071568,-0.445702559624399,0.281906854693422,-1.2723392669806,1.87324369898012,-0.62704907728011,-0.0962612529905414,2.38750026842355
"208","GRASS",0.976362379580689,1.94777209556977,-0.286498677816793,0.164432330070557,0.0255218897093184,0.151950769235997,-0.0414660407670023,-0.543393748448237,-0.558702848195097,-0.624238986390947,-0.427712275614206,0.301130877853037,-1.01176309740937,1.40875543019309,-0.60905965390832,-0.574053051690556,2.64857201973671
"209","GRASS",1.12480236226013,2.01657191728789,3.47379646852862,-0.275338322867305,-0.11165561395559,-0.0333012654487759,-0.068086745011812,-0.593188630146997,-0.621229206334476,-0.707944369193488,-0.424713921931294,0.224234698706383,-1.29010581648641,1.96412184050102,-0.60905965390832,-0.00707880892491375,2.39378715185408
"210","GRASS",1.32722052045936,1.07057436866374,-0.286498677816793,-0.45124665370213,-0.123458097512973,-0.044879568416155,-0.0981373724616885,-0.623831670068606,-0.60247131577478,-0.78150361316779,-0.451699374932036,0.704835770793466,-1.61582599380565,2.0146097372918,-0.63218896539619,0.0976003524292245,2.03875593396296
